49989205
23973348
20016376
68479215
41229834
46040777
22035295
26306339
20069616
31067905
47524568
47804340
22169976
28915596
31381433
51775565
44574761
42022814
45901985
35698647
32971586
36391018
48394150
71251292
39410529
45672471
45753449
45652618
66149937
47766812
70221278
22873732
36690158
35367942
32561659
63672936
41698969
60075104
20792377
20867968
20977747
30952468
35420412
19786604
39680279
21938499
30431347
42021136
34207031
46211950
21207588
23663514
22541184
21645678
23709213
46147403
32003459
28760873
30372420
31542646
22835726
39933020
53790962
27714739
23970981
21421159
35683566
41241554
40301904
64920675
22626650
24026783
24100632
23933117
39067094
28909993
23468831
20932191
509941
50650033
48532535
24180926
28402677
50989755
43956087
30870701
37443154
29505248
67770608
31741267
20023182
17530
40834319
51438432
30983674
31794457
20252907
56721835
35543832
36826922
34836075
40964176
24691607
23465725
20436179
21729816
21731026
38849573
40334079
56491088
74029995
62089503
66581998
45604703
20547186
66223207
60713177
70391295
30647005
22608083
39049156
45442922
24634840
38378223
43580886
50866336
21825563
28691848
47569968
19737055
47787291
24507901
20357211
21009684
56466104
26371109
80115
25368682
29166186
36370034
51823662
64909615
34604789
61165377
72519176
35623561
49480257
30002125
29769660
70429563
26336379
53119439
24680386
40759257
19353036
61025639
35804964
53975128
35542645
37983995
58462715
73120073
41781667
23966408
45391049
34402964
20791185
47280273
51109360
41204821
56985900
27678449
36447583
48400411
25363760
24275493
24371054
47262027
39155499
41958908
37040257
21498922
23836352
53742348
36430632
32638411
19062366
32983879
28765069
31512033
67329778
63580256
53009471
47492843
64880718
54439127
24402893
45246275
22099076
69471904
48055112
38818732
24042353
37955081
56643098
41335590
48369554
24116208
34218779
38151721
24586187
69341035
21270981
45600167
30568005
19179768
34381191
21261342
28839637
32629054
50926873
48960976
47519305
25344293
67719383
35316090
27291647
68961238
60201466
70449222
42869296
37424893
26473250
26769763
22273575
20256660
37837950
32269597
24455640
39219873
47550698
21136336
24261614
20754895
34315769
23824765
36767829
46352998
20847408
21274401
463770
48172348
65571171
53051759
24540879
72311035
39572500
40247049
47370368
66133075
21476572
25342464
25600842
59780416
69834813
24286559
51692854
56453675
25039592
45372425
60809690
20683893
53293208
28720084
24979575
30627675
37044049
38581212
35441228
34622222
66429293
51471420
69982744
47671269
31963045
23742724
48691742
19838688
64897042
63528621
45749357
26136298
23971173
21158393
47069519
42714009
43421495
38383202
20306331
51076481
39585145
35364821
38067382
20271800
20279137
533475
51891430
45145384
26849018
61671621
48012068
45826521
47619400
39220449
65303000
63558665
23327772
22927190
23780553
32579611
45950096
41896037
28591398
37524995
32430724
41922496
25032658
64080976
69060969
68709087
66822941
38669722
45738920
39572466
36746045
46061782
21438451
35434442
43429753
45622578
41291618
48437921
31443851
45130502
58748375
49326823
20278293
64875957
71289504
44543239
30563176
22819575
58591804
56017296
24893404
65252811
