20220272
27811494
29394107
28274437
61533892
56772767
78666965
80008997
68636890
84387276
26250656
22988610
50845748
21462459
50846909
36187365
38544405
33518328
20026692
44226922
43005801
20426284
35681163
42219439
22402924
25885348
58392332
41861675
45437329
32768265
33922108
46684923
67704497
34100152
32627646
42839229
76648616
58267373
36017588
19540410
46707482
72322255
29400561
43273495
46785401
35177695
40086295
30668555
60381432
31389015
31688611
51649874
29933629
54686979
42135972
45039380
33608442
27316406
48709224
74048617
40164408
79808078
48657716
72050147
37129572
52674929
39301824
42239822
47509462
48957339
46635645
29243078
39107839
32091288
46329133
35813351
25827112
70037456
60730722
20934487
45318684
44249180
62772967
21288116
76397257
60637246
41207915
40219257
31256980
61129685
24030612
77727577
77217552
78347385
68137404
38231891
56674094
63657771
55796840
52312844
23939643
84027748
46577740
24336753
24292423
80757236
37588139
49087337
82639750
27789403
51695800
28914511
51497993
30697486
61748189
40065624
23895640
31043531
68736917
60931921
40358871
38584411
61287196
58938527
50147496
78041253
53244409
58693437
84157618
34348223
288141
19818177
41698729
73708742
33970688
71909223
50746888
73568804
56868928
58513679
24634663
298518
28478307
52361838
24782614
37020814
41541480
23222356
39638268
35170019
38456396
52856846
62057172
40074513
22365224
25273633
50648811
50707622
23305410
18991874
39276984
37789236
23161478
33632120
34871435
21263462
30423290
31060777
46790933
42838678
50677991
28864371
57989672
34620354
21274345
26727146
45270005
25840869
19497637
31171810
51927079
29644386
61159379
53317346
37839197
44549345
78058942
64358804
39599004
33548859
24412469
20579075
39698901
37179656
19645267
24044518
70519737
32152286
23235261
70777027
39462759
62640503
40082191
72838736
29512234
53341347
80327071
34571990
30821287
29523448
41714941
33602715
21590914
81568583
64118960
77800372
77216980
39357205
51977681
41521970
42071531
34545216
61014619
27700269
33240086
31047588
21758842
43022373
21135883
42399426
43607421
21278134
41518038
43746954
75627104
82119377
52167718
19514702
27510974
21437173
45087198
31001131
40879824
29807466
25559483
29623580
30023949
22103115
69969514
36675310
24277228
60486851
