59569410
62695130
20693350
34315148
61578825
59509104
72280241
35250873
31372368
36080795
31274540
48220430
55493101
34496152
59816352
48655032
35630442
43698249
55313769
63646616
67159331
73671087
39615243
45193823
47007074
21832477
52379670
58112017
64809112
585385
20871440
37836430
38140067
34123328
39180170
19929385
60802415
36364726
38101975
39633799
31461925
35253224
35410285
48193991
29261556
38047501
35452854
71289514
24660263
50335144
29190678
51714758
25441152
44383834
75793004
23494044
19390893
40792373
75811444
24070123
24769262
30453677
69834429
35450288
61168024
49262652
45232094
20874640
38755487
38170413
49053197
41831272
55425510
40625885
34597332
36102146
53804602
69610895
55861524
58604260
60411189
21003637
40988366
39934424
32987888
23488399
27668524
25260978
39122746
37303269
26350894
39974381
21224109
73018612
69774731
27283126
47783721
21498074
19751818
52834225
35575263
51634382
20978784
20480822
26189318
26068013
38281559
24375944
39486295
26635438
43619131
24540824
44594721
69671576
26253252
46300832
45583869
20885467
30260357
26183442
55532514
43109484
22019736
45556578
45139516
27470405
25734767
36343116
53149103
33049506
32918347
20172079
39555726
22989924
48106094
593679
37987607
50061748
34258068
54865489
57679290
22808158
23686260
35066536
61412684
50597906
23303851
21177331
45113038
65560472
36069255
53012411
60294657
60549623
60620560
33021559
23047603
38569998
68019922
31242236
61339087
41792389
68070298
39844566
44776857
21551678
47620590
70260801
32238741
65553816
52764448
40962934
26636184
24877133
20151325
20146510
20304296
21618716
20742429
28773412
24844513
23048956
20682723
28860014
20545960
21309446
30310934
41990990
72229222
35619094
23973348
20016376
68479215
41229834
46040777
22035295
26306339
20069616
31067905
47524568
47804340
22169976
28915596
31381433
51775565
44574761
42022814
45901985
35698647
36391018
48394150
71251292
39410529
45672471
42708832
45753449
45652618
66149937
47766812
70221278
39201578
43124797
36690158
35367942
32561659
63672936
52817362
56430916
24980257
41698969
61865937
60075104
20792377
20867968
30952468
35420412
56483443
19786604
39680279
21938499
24826000
57418830
35402911
35708647
28441461
24431257
72899963
44006370
59370223
49580756
59400479
41760893
20121812
24805089
20000490
19380856
21847981
47360346
51989883
34746196
20129369
70193046
70040005
72680640
68121298
31282074
53366878
46661083
22740077
35601606
37117603
30431347
49989205
42021136
34207031
46211950
21207588
21645678
23709213
46147403
32003459
28760873
30372420
31542646
22835726
27714739
21421159
24026783
35683566
41241554
40301904
22626650
23933117
39067094
28909993
23468831
20932191
509941
50650033
48532535
24180926
43956087
30870701
37443154
29505248
67770608
31741267
20023182
17530
51438432
30983674
31794457
20252907
56721835
36826922
40964176
39290379
39251925
50096513
24691607
23465725
20436179
32536760
45466981
23842182
21729816
21731026
38849573
40334079
56491088
74029995
62089503
66581998
20547186
30263844
66223207
60713177
70391295
22608083
39049156
24634840
43580886
50866336
21825563
28691848
47569968
19737055
47787291
24507901
20357211
34604789
26371109
80115
25368682
29166186
36370034
51823662
64909615
61165377
35623561
49480257
30002125
70429563
26336379
24680386
19353036
61025639
35804964
53975128
35542645
37983995
58462715
73120073
41781667
23966408
34402964
52260281
20791185
47280273
51109360
36730535
22314215
270460
56985900
27678449
36447583
48400411
24275493
24371054
47262027
39155499
41958908
37040257
21498922
23836352
30904058
29769660
53742348
36430632
32983879
28765069
31512033
67329778
63580256
53009471
47492843
64880718
24402893
45246275
22099076
69471904
48055112
19179768
38818732
37955081
56643098
48369554
24116208
34218779
38151721
24586187
69341035
21270981
45600167
21261342
28839637
32629054
50926873
48960976
47519305
25344293
67719383
35316090
68961238
60201466
70449222
42869296
37424893
47901890
124255
39168174
63440260
26473250
26769763
20256660
32269597
24455640
39219873
47550698
21136336
24261614
34315769
23824765
46352998
20847408
21274401
30496970
20754895
463770
48172348
65571171
53051759
24540879
72311035
39572500
47370368
66133075
21476572
25600842
59780416
69834813
24286559
51692854
56453675
19838688
45372425
60809690
20683893
53293208
28720084
24979575
30627675
37044049
38581212
35441228
66429293
51471420
69982744
47671269
31963045
23742724
64897042
63528621
45749357
26136298
40888448
65052977
21158393
47069519
42714009
35681146
43182555
63520907
49229570
43421495
38383202
20306331
51076481
35364821
38067382
20271800
20279137
533475
51891430
45145384
26849018
61671621
48012068
45826521
37938268
47619400
65303000
63558665
23327772
22927190
23780553
32579611
41896037
28591398
37524995
32430724
41922496
25032658
69060969
68709087
66822941
38669722
45738920
36746045
46061782
42767501
21438451
35434442
41291618
31443851
45130502
58748375
49326823
20278293
64875957
71289504
44543239
30563176
22819575
21575449
58591804
24893404
65252811
65082293
53811098
24875493
48508884
51651471
20071135
51710701
53941944
58500637
70200333
42758129
43440227
59939650
21547984
23243068
70459305
26889271
19634872
68789217
35753892
40221620
35633534
38374333
64514
40919560
44795832
26594171
22300331
69099215
53324604
38938329
20680558
45012504
58961618
23710378
46520096
37860552
43365556
37126645
43093754
50870655
48212735
27353576
38839663
67640606
46394675
60511504
40189637
53496027
65763501
32235368
51400301
40642996
52852979
51830605
48329017
38762086
48663603
36376482
55979062
35750760
44574464
72946253
45426746
34630891
71410510
25978740
63542696
56844919
71652207
21144868
27365996
38317330
71130956
57332420
71111030
70632873
29080298
26053474
21967528
44055031
51556567
48628671
23055604
35241586
56836534
30872095
22198226
20643747
36780393
437384
74942593
45077242
58129892
58110113
23998326
31628740
24202117
44546106
70412155
66181898
28989018
26216745
22600153
20019027
19897007
39279947
24930966
50569321
46689737
21428931
37901217
46210428
57017478
43084066
21396614
19177688
19743283
25043663
64994782
30460843
35172324
20851842
43299178
50103039
35939166
30910042
30418324
44820041
63424878
23508607
53909262
28750959
50618937
37412607
21232858
71181916
66220697
66452948
24209302
45552149
49739603
75084022
59362174
66839539
43191738
45689668
36768056
64830610
20568067
38331189
55514164
36052204
39554622
20210693
49880937
31797668
40986576
47186809
38800253
53156366
41797333
39949683
53219170
40062774
26060169
53340106
47447285
51279362
23371412
23369687
68859331
34772635
46274216
35673670
59320751
73099678
55749237
46390487
58873480
73071608
22265207
25245568
59892436
71030236
23388479
26553256
27389606
34912667
20077785
19117873
34660825
36601757
21934633
24915955
21195731
36329108
25763778
61221839
31462778
29400868
40415940
20560093
19934353
43512283
63409289
30442471
37442120
34246252
21198093
39604931
59279796
50731626
50912140
68843430
44279483
31842434
45728890
49740598
50881490
57100168
30683648
19971983
22560260
28894180
24951140
26382357
61030131
19068222
47744386
53699551
31233006
24407089
35674576
36759076
40839863
26751839
19987241
22852727
67490186
23379907
21186298
22541184
50549478
61223957
35243419
66570196
67153345
37804858
65551680
56855153
73810856
55865372
27222526
64755670
69880957
31203595
70380006
27209164
39690354
29254397
31301034
52444423
51789543
52307815
37790728
27999258
41771427
23934361
48182367
65749220
35185228
51803758
61999421
30783449
33749097
50885394
21861860
24497395
25795078
53418721
49222495
49373518
23913435
23045221
49950124
54806205
35705617
25946337
26755867
59714713
31077915
63551622
21213964
61173254
41767048
23397171
23258129
55944616
69891293
39731222
40332914
30357704
69531629
58380149
23051449
72770398
69559670
70161932
23279848
64150042
22153068
24460759
20215886
20552728
53919584
59286937
64049540
34613335
43558649
36641919
64279302
35303765
45442922
33060713
72051376
44952960
58534742
34571385
46429450
39208726
69844324
49208859
54381359
41652367
71522110
19600721
40582416
43950208
68469257
28800808
21366420
40603439
33061246
45665056
72690425
39014891
32870843
45706979
67880577
23198172
20647317
23844499
51589010
35210321
39269667
21991286
68159231
22273575
51552212
24960019
23983192
36512184
50480976
36775732
32857343
23415783
36981136
32212421
72280958
52879461
27881124
55408838
60174778
20061519
50610267
65204396
71111057
53891379
60421571
39302081
53864255
23632019
41324977
50661636
65223741
58319501
20824006
73643298
32782255
38365408
27692210
21948306
49759106
34373584
36899879
20610933
44403488
34992850
22600718
22637016
24442757
31279973
35798575
22209060
36350149
32971586
22873732
20977747
23663514
39933020
64920675
24100632
50989755
40834319
34836075
45604703
38378223
56466104
30861214
72519176
40759257
45391049
19062366
54439127
41335590
30568005
32638411
21542029
23907257
31588136
20577176
23219007
57029156
26492102
446965
39172527
68629262
20440584
20078000
20792917
19772055
48963252
20156016
26695238
19458231
22347311
37736571
25342464
30647005
35082426
45950096
39572466
48437921
56017296
20531943
56918683
19320994
36691863
45850117
21818978
59960023
45301306
55958888
38990522
64559141
58062748
37852333
32939523
48076360
52361890
46163671
46640264
56929448
34381191
27291647
37837950
36767829
40247049
71609450
46097605
40520873
64420685
69800828
55939504
71841061
39622021
47379170
38788179
59570491
44860119
70639294
43677096
56371826
32740490
60219561
59631431
60663120
69342016
23964726
54934980
26559470
23246032
53750601
68852687
30865133
59100730
48094804
64080976
72891423
26615741
39585145
39220449
39024665
28402677
53119439
27781831
34506294
21267969
38041571
40946346
58325737
57259699
29175654
19150149
64509877
48113963
43965435
58634195
41000822
44502461
72740120
66599426
69650037
47951963
32577758
61034150
58737742
69902780
35109768
62611152
64996612
32218297
68520834
50945830
24512042
53089216
28338039
39295281
47675797
51941735
34182254
23497209
29268215
35181766
42754184
71452242
50935536
62288010
28600404
20250166
22161516
47137897
36549996
20761528
50778564
66493430
44664753
59771535
57472890
31983194
35543832
41204821
34872350
29742811
65822203
72141160
20115993
72910448
47847352
28868277
28898354
20883841
48555304
47842084
53845134
45053988
36837412
43967575
73409438
71160125
33983294
51718816
64570763
71709687
37107569
23566089
35699396
39034431
73920879
25439423
50514330
36750175
542954
19916937
41748426
34210124
39034856
23999040
28570454
35459615
67159428
39508323
72905089
25363760
72832001
46344891
61246768
64956242
40909762
60268859
28735538
37497124
52347384
28661895
48944488
28590509
22383649
50858522
32548911
20844811
60280685
67901387
49277097
51056040
59177104
68182544
38896800
45105989
28408971
35301984
28411129
49253619
39131744
44772682
64280288
29545382
33079362
41878358
21656935
65779422
57293689
58390334
23970981
21009684
24042353
43429753
45622578
71800869
67030679
35204447
38067110
50383850
23373874
21850976
53640751
43149522
21429589
45425209
31547398
35204118
47371028
22863886
38857634
23253266
68100538
63608489
39877052
43128479
63608137
73980175
71941908
19322818
39979634
65969283
61524790
47057431
50132669
24438286
24778626
52864193
19291454
24458418
40685927
45774176
40257202
61562346
478375
39505508
51764935
69499902
69349759
65513819
21201759
71031222
31503405
24018386
38720092
40776615
42778020
53419832
36765013
36773057
47512376
57539175
50680284
59104217
71330085
48491681
25162762
67690168
34362456
32431825
32619075
42702399
44037539
68542943
55430967
51640048
50788597
60286035
48345039
20630876
25570509
39944508
41801532
69820078
53790962
29191569
68030864
25039592
34622222
48691742
23971173
35683647
60359176
32411378
24854551
23934852
37767096
40180539
452589
74682768
