23971514
64894592
43942347
57017700
54843453
19275551
24597310
36780381
60102437
45880222
55500049
38371871
51794891
34540803
20880354
59149402
42999955
19994340
26792461
31619839
56811955
46217016
21299700
64785295
30046509
30631061
47817533
38923697
45692780
25560953
73139279
50384535
70989276
72001529
31986798
72631238
35490733
34850190
50999924
30080844
61397458
68690007
39409404
62277558
54841121
65453270
32791240
44117101
71170714
35249418
61206690
29505172
29202879
20049729
29646542
61502850
50603639
44831106
23641812
37373002
59193145
60301258
30374791
31055297
31425271
68479215
43112081
51131720
68823149
63493775
19390235
27031314
28681569
26365872
66403568
66613938
46994172
25061833
65729827
48425752
71740025
29225283
66473365
31149436
25589280
59822615
39883815
69141577
25469441
35108267
53272400
54629312
34515033
50994349
67245524
68600172
44084516
65114918
46355100
29236998
32231291
23498974
69763935
72490625
56480500
63476214
72059164
72812573
63269124
71089931
59789789
69073035
21606796
63435446
73129175
35759672
70349744
70789290
39349991
55350998
35235786
36641919
71691937
27739591
73939659
68853364
42839638
34070682
35849374
29223954
39974798
29399520
30843731
36269693
32188901
60232855
40790759
37551019
58972386
46994127
51651471
52809970
59521654
20441252
19455552
25451943
50342319
30059050
64883666
41980777
19543012
36481909
38258642
44912509
41353593
31602186
68380955
40727708
67610120
49344025
38028723
45191468
50906400
25570698
32001482
22885330
64980145
39803183
48509185
45324755
59393109
64310505
20852702
35802947
28952723
60349272
45466872
39000237
45323564
42124200
21038964
20313485
58342536
51239476
45602914
65020132
54431438
63959112
34195666
34185467
41281390
35804964
44352658
45686447
25431304
47106903
59861497
46253973
43135207
72769166
65883499
30407006
43952385
56318635
34114053
32751601
68351112
61435348
60031146
38449518
27870094
52873447
68311799
40121630
19008289
29484285
70029179
60317452
45272853
64850983
49272582
68239415
27480177
34757491
27673148
48647565
45780434
22108541
42783419
44393626
31703287
24987635
35684084
20185974
60551741
65062673
34280474
37084492
70322708
62225444
37029179
50155538
50169286
60043370
61249433
21538897
30610801
59530622
29479344
41129892
69649122
23687556
52454497
22273575
33080287
55473393
26461445
29191085
50975936
58099281
52447353
74699306
75669090
71899320
28412521
24452874
59171042
64599934
59959650
21112712
47581849
20017743
64972146
66489092
23595917
52358860
72389221
68309395
68230234
34756719
63970166
38959406
479446
30593990
28774638
28684419
20472160
20433424
32495370
20846016
41304694
44297638
41901167
26560344
52873972
24296429
30383301
49451575
19200757
59021919
21851160
47560351
27884022
22670232
48963252
40603439
35371747
69860750
41244055
36560432
42819334
27784455
27091039
39760828
39008111
71081206
49989205
38981112
72161849
50989637
27789748
22300766
27760846
55327322
44255696
64934443
38632270
73039503
20297596
46037051
65424043
55489748
39962392
66569776
68709350
68451080
50009791
40933523
20376683
46048465
66549566
43571770
45532342
51991265
23973348
20016376
41229834
22035295
26306339
20069616
31067905
47524568
22169976
28915596
31381433
51775565
20792377
44574761
42022814
35698647
32971586
36391018
48394150
45672471
45753449
45652618
66149937
47766812
22873732
36690158
35367942
32561659
41698969
24572803
57356895
51577864
59144118
51792484
20867968
35420412
19786604
39680279
21938499
30431347
34207031
46211950
21207588
23663514
22541184
21645678
46147403
32003459
28760873
30372420
31542646
39933020
53790962
27714739
23970981
21421159
41241554
40301904
64920675
22626650
24026783
23933117
39067094
28909993
23468831
509941
50650033
24180926
50989755
43956087
30870701
37443154
60713177
67770608
31741267
20023182
17530
40834319
51438432
31794457
20252907
56721835
35543832
36826922
40964176
24691607
23465725
20436179
21729816
38849573
40334079
56491088
74029995
62089503
66581998
70391295
30647005
22608083
45442922
24634840
38378223
43580886
50866336
28691848
47569968
19737055
47787291
20357211
21009684
56466104
26371109
80115
29166186
36370034
51823662
64909615
61165377
72519176
35623561
49480257
30002125
29769660
26336379
53119439
40759257
19353036
53975128
35542645
37983995
73120073
41781667
23966408
45391049
53009471
34402964
47280273
51109360
41204821
56985900
36447583
48400411
25363760
24275493
24371054
47262027
41958908
37040257
21498922
23836352
53742348
36430632
19062366
32983879
28765069
31512033
65303000
47492843
64880718
54439127
45246275
22099076
69471904
48055112
38818732
24042353
56643098
41335590
48369554
24116208
34218779
24586187
69341035
45600167
19179768
34381191
21261342
28839637
32629054
50926873
47519305
25344293
67719383
35316090
27291647
68961238
70449222
42869296
37424893
26769763
20256660
32269597
24455640
39219873
45372425
47550698
21136336
20754895
34315769
23824765
36767829
46352998
20847408
463770
48172348
65571171
24540879
39572500
40247049
47370368
66133075
21476572
25600842
59780416
69834813
24286559
51692854
60809690
20683893
53293208
24979575
30627675
37044049
38581212
35441228
51471420
69982744
47671269
23742724
48691742
19838688
64897042
31443851
63528621
45749357
26136298
21158393
47069519
42714009
43421495
38383202
51076481
39585145
35364821
38067382
20279137
533475
51891430
45145384
26849018
46040777
47804340
45901985
71251292
23327772
70221278
63672936
30952468
42021136
23709213
22835726
24100632
20932191
28402677
29505248
30983674
34836075
21731026
45604703
39049156
21825563
24507901
25368682
34604789
70429563
48012068
45826521
47619400
32579611
45950096
41896037
28591398
37524995
41922496
25032658
64080976
69060969
68709087
38669722
45738920
39572466
36746045
46061782
35434442
43429753
45622578
41291618
45130502
58748375
49326823
20278293
64875957
44543239
30563176
22819575
58591804
56017296
65252811
61025639
58462715
20791185
39155499
32638411
67329778
32430724
24402893
37955081
38151721
30568005
48960976
60201466
26473250
37837950
24261614
21274401
72311035
25342464
56453675
28720084
34622222
31963045
23971173
20306331
20271800
61671621
39220449
73154399
66822941
21438451
48437921
71289504
24893404
40927278
40737110
23275229
43705689
31043509
40702850
59764385
53835269
55395831
47963796
44224729
53313568
27331975
48355576
24558651
54810717
37111493
64921685
39692485
68862431
60411231
54390530
66811183
51074481
68991556
74641553
22859069
63410434
39093570
37769357
43594164
64779352
67242324
68123514
50441738
71161433
59851986
65789991
30691046
42737474
27364850
32679493
25001988
37135680
39525921
35779014
39290515
43172481
44703622
41312213
20620530
26734549
38295150
35292963
45521785
44401007
30295962
22201587
21379894
73086270
34124535
46162147
30021661
37872045
50983318
40738491
31431678
47172111
69439900
40033712
63540556
31063909
44893643
42061259
45466151
63687424
64490685
29761616
50169230
59720595
21671411
31604525
59640732
76441211
39222295
19082313
21349741
27762831
51485892
24917627
64845234
35992420
75281583
20457966
19876609
42991294
34677318
60626132
24235374
40651618
27756907
34970699
27414068
50611742
34321861
32730723
64776911
24726420
58952031
26172409
71071119
45483179
34132577
47302214
38265339
55435092
47548238
19112206
19018971
58678049
55312222
32642767
23985943
34250672
51109156
50818087
59701594
41703678
65003577
26349666
25130119
71041088
30512793
44560381
21866587
40743595
32836015
69641852
31160020
35592467
60241028
66652783
44580743
68760176
46690032
20139640
36772108
24527904
36465930
59297701
73511539
322179
52428970
53089592
46057834
38857231
34209249
59645291
51931353
20668416
53339510
20114677
38592448
32881515
31136111
20137977
47153876
26754098
34228656
41343654
41954578
29453237
41751023
22112599
40096
66091309
35421384
47150805
43400143
71780838
50331490
64989742
58341261
37099737
68970534
30547445
41935349
47720245
38327090
41649361
51666283
59839251
71442632
45573943
56936103
66149452
65813006
37998332
32862506
32369622
24236670
61793727
31476206
72409829
66222617
65222721
56371122
46431257
69419441
58192650
45392457
38848515
47485229
67153029
41796142
20704926
22660551
37941655
54539181
52970049
35673934
50030670
22944837
32630315
57534641
21476028
55923046
53766756
73950993
48245141
25093314
56960070
72421858
64783707
48407984
21839608
61580080
39617641
22215541
22541103
70289224
67940228
70639866
64802921
31857602
39003392
45649438
32854246
30001166
65901970
32918901
29461840
25217978
53855655
60297644
63665262
67106175
22032913
61142318
48232919
45078148
40772778
40623278
58099496
39241185
50676533
72369261
61979825
68259213
46229112
35221895
63490989
69510549
53581279
19379577
30227475
26187800
44342038
31452158
39095423
52109536
25332981
43469264
32955928
47270184
39643798
28059617
55944937
18991756
62692426
41220596
48112752
38981903
38028346
19831836
58688257
47159657
67519313
68882837
22709964
55446103
19772055
73562725
67331090
56674011
47750748
51682697
19934696
37245548
67439706
36951957
39410529
20862549
60075104
20977747
48532535
20547186
66223207
24680386
63580256
21270981
53051759
25039592
66429293
35683566
63558665
22927190
27678449
23780553
40770074
60802306
36535334
35040755
55790669
37469598
59327545
59524099
38938615
28765259
59519318
19254939
19895479
24316930
64889397
24813565
46780030
20861786
25473920
38743349
47402079
56980473
20043289
52360283
46402743
55372485
19843325
41985553
55991798
40500808
69201367
69360185
32012404
54990150
42812482
49215567
37492722
68511845
40761488
21371641
50795988
19930811
44425100
63453992
68960052
44850251
41195492
24736608
43140879
27444787
40339146
